1 51 72 77 78 2 90 92 158 159 53 145
51 1 113 58 71 73 154 92 96 127 128 140 47 141 55 56 109 61 88 54 57 63 87 59 67 178 200 199 123 185
72 1 144 146 225 186 226 227 228 229 230 71 74 76 78 150 234 235 236 237 238 239 187 188 240 242 204 180 216 158 162 163 249 250 195 251 252 253 254 255 197 92 47 93 94 143 128 73 161 135 82 70 141 62 193 52 48 154 203 217 200 215 145 192 219 218 104 224 155 173 149 184 182 207 208
77 1 146 226 227 71 75 150 234 235 236 240 199 216 162 163 165 251 252 253 255 169 276 2 92 158 69 91 4 18 8 41 13 143 43 36 74 120 38 39 160 82 141 142 56 193 52 198 217 115 170 155 184
78 1 72 146 226 227 76 150 234 235 236 240 199 217 162 164 165 251 252 253 255 169 276 158 159 91 3 17 18 7 44 37 144 40 35 36 73 161 120 39 70 55 56 62 81 216 198 111 117 192 219 218 115 155 149
2 1 113 69 71 77 89 91 158 159 118 15 119 54 145
90 1 4 8 97 121 122 99 100 101 102 128 129 130 131 139 140 107 108 92 89 16 44 118 38 70 119 46 114 56 62 86 193 57 198 145 98
92 1 51 72 77 90 118 139 159 18 41 25 36 120 38 70 114 96 53
158 1 72 2 55 56 201 77 78 115 200 91 119 123 126 143 43 144 80 199 192
159 1 56 202 78 115 116 2 92 119 125 44 143 144 46 193 200 199
113 51 2 55 83 87 88 178 89 91 58 49 57 63
69 2 71 76 77 89 91 11 43 45 119 198
71 51 72 77 2 69 47 146 225 186 226 227 228 229 230 73 75 150 234 235 236 237 238 239 187 188 240 242 203 179 217 162 164 249 250 195 251 252 253 254 255 197 91 93 94 143 144 136 74 38 160 174 193 61 81 216 154 96 127 95 198 87 204 200 215 145 192 103 155 149 184 185 181 207 223 208 209 212
89 2 113 69 90 97 98 121 122 99 100 101 102 129 139 140 107 108 91 37 118 143 43 15 45 55 119 52 61 85 198 87 145
91 2 158 113 69 52 71 74 76 77 78 89 108 17 37 11 118 25 40 35 120 54 95 53 200
3 47 78 9 17 21 93 94 23 121 125 131 31 118 120 170
47 71 3 109 51 52 39 58 61 72 73 75 76 81 82 85 21 23 139 185
9 3 7 23 121 37 305 17 21 222 15
17 3 78 40 9 91 121 122 99 101 26 128 139 140 108 35 143
21 3 47 9 15 93 118 23 102 105 13 45
93 3 21 71 72 95 96 98 124 135 139 140 108 4 41 13 43 20 40 48
94 3 142 71 72 136 139 140 107 108 4 22 44 19 12 41 20 34 40 33 48 184
23 3 47 9 21 19 31 5 222 11 29 118 15 40 141 61
121 90 89 3 9 17 102 305 7 101 100 8 37 41 20 108 36 120 38 98 171
125 159 3 100 305 41 143 185
131 90 3 306 33 160 98
31 3 23 26 27 28 305 15
4 90 60 77 10 16 18 22 93 94 24 97 122 126 132 32 303 118 120 171
60 4 110 52 86 53 112
10 4 8 16 24 122 305 18 22 222 38
16 4 10 22 90 118 24 26 27 28 32 44
18 4 77 78 41 6 10 14 92 122 99 100 102 27 139 140 107 108 144 120 48 103
22 4 16 10 94 118 24 101 27 106 44 14
24 4 10 16 22 20 32 222 6 44 12 118 30 142 157
97 90 89 4 99 101 128 132 138 140 305 143 107
122 90 89 17 4 10 18 101 305 99 8 19 29 35 107 33 38 170
126 158 4 27 160 305 20 40 202 185
132 4 97 306 44 34 115
32 4 16 8 24 101 27 28 305 14
303 4 118 39 54 53 220 221 111 112 173
5 7 222 23 101 305 11 29 40
7 9 5 78 121 99 100 101 102 27 305 13 143 40 33
222 5 73 74 81 82 116 188 152 240 198 6 9 10 180 217 23 24 162 107 216 179 204 172 183
101 90 89 17 22 97 122 32 5 7 121 305 8 40 35 161 38 160
305 9 121 125 31 10 97 122 126 32 5 7 101 6 102 99 100 27 8 26 29 25 30 28 139 140 108 107 136 161 135 160 42 189 137 138 96 95 166 178 146 225 186 226 227 228 229 230 150 234 235 236 237 238 239 187 188 240 242 249 250 195 251 252 253 254 255 197 117 256 276 177 241 199 165 169 148 168 147 219 218 98 124 123 153 196 275 151 277 152 245 278 167 269 272 270 258 274 190 191 244 260 261 262 263 264 265 266 282 279 231 280 232 281 233 246 247 248 243 257 259 267 268 271 273 291 292 293 294 295 296 297 298 299 300
6 18 222 24 102 305 8 12 41
102 90 89 21 121 18 7 6 134 305 8 37 41 30 36 161 98
99 90 89 17 18 97 7 122 100 123 305 8 13 143 14 34 161 120 160 96 95
100 90 89 125 18 7 99 115 121 305 8 44 13 144 34 161 120 39 160 96 95 98 124 123
27 31 16 18 22 126 32 7 305 11 12 118 30 13 15
8 90 10 32 77 6 121 122 99 100 101 102 26 44 305 41 14 34
26 17 31 16 8 305 11 29 12 14 15
44 16 8 70 73 74 78 22 90 94 159 24 100 132 34 161 119 46
37 9 74 78 89 91 118 120 121 102 133 108
11 69 5 19 91 23 26 27 29
19 23 11 94 122 133 118 13 40
29 11 5 23 122 26 305 40 173
12 41 6 94 118 24 25 26 27 30
41 18 12 77 174 6 8 20 92 93 94 121 102 161 125 129 136 30 34 36 118 144 120 171
118 92 21 16 22 37 12 46 55 56 70 2 40 41 3 4 14 19 20 89 90 91 23 24 27 28 38 303 13 143 144 15 199
25 12 91 92 305 30 136 135 42
30 12 41 24 102 25 27 36 305 174
13 143 77 7 19 21 93 118 99 100 27 28 43
143 13 141 71 72 77 173 40 154 7 17 89 156 158 159 118 97 98 99 160 125 130 106 136 33 144 174
28 31 16 32 118 13 140 305 14 15 137 138 199 98
43 13 69 73 77 82 89 93 158 33 160 119 145
14 18 118 144 8 20 22 99 26 28 32 34
144 72 14 142 143 71 76 78 82 116 41 154 155 18 158 159 118 100 161 104 174 172
20 24 41 118 14 93 94 121 126 134
34 41 14 74 8 94 99 100 161 129 132 135 44
15 21 2 9 89 118 23 26 27 28 31
40 17 118 143 78 5 7 19 91 93 94 23 120 101 160 126 130 135 29 33 35 170
128 51 90 17 97 52 72 95 96 123 160 174 138 166 198 115 214
139 90 92 89 47 17 93 94 18 108 305 35 36 120 52 96 98 104 116
140 51 90 89 17 93 94 18 97 28 305 35 107 36 120 96 95 103 116 202
108 90 89 91 17 93 94 18 37 139 98 121 305 120 142 116
35 17 40 78 91 122 101 139 140
107 90 89 94 18 222 97 122 140 305 120 38 141 95 201 202
133 37 19 306 38 160 216 172
134 102 20 306 38 217
105 21 306
106 22 143 306
36 41 30 77 78 92 121 102 139 140
33 143 40 73 7 94 122 131 136 43
73 51 71 47 222 44 43 33 146 225 227 228 229 230 72 74 76 78 117 237 178 249 253 256 276 306 82 141 142 193 61 75 81 85 48 80 216 154 96 95 198 217 200 148 145 147 192 157 172 115 156 155 149 185
136 94 41 143 33 71 25 103 305 56 85 198 199 79 116 201
74 72 91 222 44 37 34 73 146 225 227 228 229 230 71 75 77 117 237 177 249 253 256 276 306 161 160 82 141 142 62 86 193 52 76 81 48 216 154 96 95 111 217 79 148 145 192 219 157 172 218 156 155 185
161 41 144 34 142 202 62 72 74 75 78 81 119 99 100 101 102 44 305 178 112 123
129 90 89 41 34 306 171
135 93 34 40 72 25 104 305 55 46 80 198 202
120 37 40 77 78 115 116 117 41 3 4 18 91 92 95 96 121 99 100 139 140 107 108 38 81 216 184
38 118 120 71 77 10 90 92 121 122 101 133 134 107
39 47 77 78 100 303
160 126 143 40 128 141 52 170 201 67 71 74 77 99 100 101 131 133 137 43 305 127 220
130 90 143 40 306
174 41 143 144 171 71 79 81 178 216 217 218 219 128 185 30 172
42 189 25 305 216 54 217 172
189 42 187 275 196 305 239 188 250 195 117 199 190 191 244 260 243 259
82 47 222 43 144 72 73 74 76 77 147 79 81 172 177 216 217 218 220 163 141 48 80 112 204 219 157 156 173 149 223
70 44 118 114 72 78 90 92 46 53 198
45 141 55 69 21 89 119 137 61 85
141 143 160 45 51 52 72 73 74 77 82 155 95 23 107 109 192 83
55 158 113 118 45 109 51 52 57 63 78 198 89 95 135 137 119 85 178 177 83
119 158 159 161 45 55 56 145 69 2 198 177 89 90 43 44 46 86 61 80 84 79
137 160 45 55 214 28 127 305 80 198 111 213
46 118 142 114 56 62 70 86 193 90 159 119 135 138 44 57 84 79
142 94 144 161 46 73 74 77 81 96 24 98 108 62 110
114 70 46 56 84 177 90 92 58 88 50 57
56 158 159 118 119 46 114 110 51 52 77 78 198 90 96 136 138 86 84 178 177
62 161 46 142 110 52 72 74 75 76 78 178 193 90 48 64 177 157
86 46 56 60 74 90 119 138 84 177 79
193 46 62 145 71 72 73 74 77 79 117 245 200 216 217 220 90 159 96 306 199 157 149
138 97 46 56 86 213 28 128 305 198 79 214
109 47 55 141 51 111 58 59 67 88 177 156 61 54 57 87 220
52 91 47 60 128 160 141 55 56 62 72 74 77 89 95 96 127 139 166 58 85 48 110 88 154 57 87 178 68 200 199 124 155 184
58 51 47 109 49 50 110 52 113 114 84 87 88 48 54 63
61 47 45 109 51 67 71 73 75 76 89 95 23 119 178 177
75 77 71 47 74 161 62 61 146 225 186 228 229 73 76 150 234 235 236 237 187 188 241 200 203 215 216 162 163 250 251 252 254 255 81 48 154 178 111 217 204 177 79 145 155 149 207 223 208 212
76 72 78 69 91 47 144 73 82 62 61 75 146 225 186 228 229 74 150 234 235 236 237 187 188 241 200 204 215 217 162 164 250 251 252 254 255 48 80 216 154 111 112 203 145 192 219 218 170 224 155 149 205 208
81 47 222 161 174 82 142 71 73 74 75 78 148 80 178 216 217 219 221 157 120 164 96 111 203 177 79 145 218 224
85 47 45 52 55 73 89 136 178 177 83
48 110 52 58 62 72 73 74 75 76 80 82 88 18 216 93 94
110 60 56 62 58 48 142 52 84 88 157 87 64 68 221 112
80 81 48 145 73 76 147 79 82 192 220 158 119 135 137 168 111 148 156 205 206 210
88 113 109 58 48 110 51 52 114 87 57 63 64
216 72 77 174 82 193 75 81 48 146 226 71 73 74 76 78 117 234 152 240 241 242 244 198 204 179 217 222 223 42 120 133 260 261 262 263 264 265 266 195 145 157 172 170 183 155 173 149 182 207 208 209
49 58 54 113 83
54 49 109 51 58 2 91 42 303 59
50 58 114 53 84
154 51 143 144 52 71 72 73 74 75 76 198 155 217 184
96 51 93 128 120 142 56 193 52 71 73 74 81 115 92 99 100 124 103 104 139 140 305 127 198 178 79 157 156 116
127 51 137 52 71 95 96 160 166 98 116 213 173
95 93 128 120 141 55 52 61 127 71 73 74 91 99 100 124 103 104 140 107 305 166 177 115 156 116
166 52 153 95 123 127 128 162 165 251 252 168 169 305 198 147 155
53 50 57 60 70 1 91 92 303
57 55 53 46 109 51 52 113 114 87 88 90 63 84 64 83
63 55 51 113 57 58 67 87 88
198 222 55 119 56 216 154 145 69 70 71 73 77 78 152 240 241 242 244 180 89 90 96 128 103 104 135 136 137 138 195 166 260 179 217 115 183 116 155 205 206 185 181 182 209 210 212
87 113 58 88 57 63 109 110 51 52 71 89 64
84 114 58 110 46 50 56 57 86 157 119 68
59 109 51 54 67 111 83
67 160 109 61 63 59 51 111 65 220 177
178 113 73 174 62 81 51 52 55 56 229 61 75 147 85 237 238 242 177 219 221 157 96 161 162 163 254 255 269 270 272 305 66 112 148 212 268 273
64 110 57 62 87 88
65 67 220
220 82 193 80 65 109 67 117 153 199 200 177 160 168 303 111 148 147 116 149 205 206 273
66 68 178 221 112 177
68 66 110 52 112 84 221
221 81 178 66 110 68 148 117 153 199 200 157 168 303 79 192 115 149 270
111 109 67 170 59 74 75 76 78 147 148 79 80 81 220 156 137 303
112 68 110 60 66 76 147 148 82 177 178 157 161 303
146 72 77 78 71 73 74 75 76 216 150 168 305 217 117 151
225 72 71 73 74 75 76 239 274 282 305 244
186 72 71 75 76 235 187 188 274 275 305 195 244
226 72 77 78 71 216 234 169 305 217 151
227 72 77 78 71 73 74 235 169 276 305 152
228 72 71 73 74 75 76 276 277 305 240
229 72 71 73 74 75 76 178 236 277 278 305 177 241
230 72 71 73 74 237 278 279 305 241
150 72 77 78 71 75 76 146 168 169 305 172 153
234 72 77 78 71 75 76 216 226 153 168 169 276 305 217 117
235 72 77 78 71 75 76 186 227 236 245 276 277 305
236 72 77 78 71 75 76 229 235 237 246 277 278 279 305
237 72 71 73 74 75 76 178 230 236 238 247 279 280 305 177
238 72 71 178 237 239 247 281 282 305 232
239 72 71 225 238 187 189 274 275 305 248
187 72 71 189 75 76 186 239 188 275 196 305 195 199 149 205
188 72 71 222 75 76 186 187 189 275 196 305 195 190 210
240 72 77 78 71 222 216 198 228 245 246 276 277 278 279 305 217
242 72 71 216 198 178 231 232 247 248 278 279 280 281 305 217
203 71 75 72 76 81 207 218 223 217 195 215 209
179 71 216 115 198 180 183 222 258 306 147 116
217 78 71 222 174 82 193 76 81 216 145 146 226 72 73 74 75 77 117 234 152 240 241 242 244 198 154 203 180 224 42 134 260 261 262 263 264 265 266 195 204 192 219 157 172 218 170 149 171 181 208 210 212
162 72 77 78 71 222 75 76 166 178 251 117 177
164 78 71 76 81 306 117
249 72 71 73 74 248 250 305 258
250 72 71 75 76 249 189 195 274 275 305 149
195 72 71 198 250 186 187 188 244 189 203 216 217 196 197 305 224 260 207 223 208 209 210
251 72 77 78 71 75 76 166 162 153 252 168 169 305 165 167
252 72 77 78 71 75 76 166 251 153 245 253 169 276 305
253 72 77 78 71 73 74 252 245 254 277 305
254 72 71 75 76 178 253 246 255 277 278 305
255 72 77 78 71 75 76 178 254 246 256 305 177
197 72 71 195 305 273
204 72 76 216 71 75 82 215 217 222 223 210
180 72 222 198 179 217 116 183 258 306 148 115 212
163 72 77 82 75 178 306 177
117 73 74 120 193 216 220 221 217 146 78 148 234 153 189 224 162 164 196 305 199 147 192 219 218 270 273
256 73 74 255 247 257 279 280 305
276 77 78 73 74 227 228 234 235 240 252 167 305 219 218 151 152 245 270
306 131 132 133 134 105 106 73 74 129 130 193 179 164 180 163 199 192 219 218 115 183 116 155 149 175 176 181 182 194 301 302
177 74 82 119 114 109 178 220 112 55 56 229 61 62 66 67 75 147 81 85 86 237 156 95 162 163 255 269 272 305 173 211
241 75 76 216 198 217 229 230 246 247 277 278 279 280 305
200 158 193 75 76 220 221 51 52 71 72 73 115 116 199 91 159 123 124 192 272 271
215 75 76 204 71 72 149 203 219 218
199 77 78 220 221 200 51 52 115 116 117 187 189 190 193 158 159 118 28 123 124 136 305 306 149 272 271
165 77 78 166 153 251 168 305
169 77 78 166 226 227 150 234 251 252 167 305 153 151 152 270
79 174 82 193 80 111 46 74 75 148 81 86 221 96 119 136 138 168 157 173 205
148 81 221 111 112 117 79 73 74 147 149 80 178 180 220 275 305 219 218 272 271
168 80 166 220 221 146 150 234 251 165 79 153 305 151 269 270 268
145 119 193 80 198 217 71 72 73 74 75 76 81 1 2 216 192 89 90 43
147 82 80 178 111 112 177 148 73 149 117 179 220 166 275 305 157 205 272 271
192 80 145 141 71 72 73 74 76 78 117 245 200 217 221 158 306 156 116 149
219 174 81 178 215 72 74 76 78 148 149 82 117 173 153 245 217 218 194 224 157 269 270 196 276 277 305 306 190
157 81 110 84 178 221 112 219 62 73 74 147 79 82 216 217 193 96 24 218
172 82 144 73 74 173 174 150 216 217 222 42 133 115 183
218 174 82 203 219 72 74 76 78 148 149 81 117 153 245 215 217 194 223 157 269 270 196 276 277 305 306 173
83 113 141 49 55 57 59 85
98 89 93 143 108 142 90 121 100 102 28 127 131 139 305
124 93 96 95 200 199 52 115 116 100 305 103
103 136 96 95 198 71 18 124 140 201
104 144 135 96 95 198 72 139 202
115 158 159 100 120 96 179 200 199 124 73 77 78 172 198 180 183 221 95 128 132 306 123
123 158 99 128 166 200 199 51 115 116 100 161 305 184
156 143 109 111 177 170 73 74 80 82 192 95 96
170 160 111 156 76 77 173 40 3 216 217 122 184
183 179 180 115 172 198 216 222 306 116
116 159 222 144 120 180 200 199 124 123 198 179 183 192 220 95 96 127 136 139 140 108 306
153 166 220 221 234 251 252 117 165 168 219 218 150 169 305 151 152 167 270 268
224 217 117 219 72 76 81 194 223 195
196 189 187 188 195 117 219 218 305 273
214 137 128 138
213 138 127 137
155 144 141 154 52 71 72 73 74 75 76 77 78 198 216 166 306
173 143 219 172 170 72 79 82 177 216 218 127 29 303
149 215 148 147 219 218 71 72 73 75 76 78 82 187 199 205 206 216 217 192 193 220 221 250 306
275 189 186 239 187 188 250 148 147 305 244 273
205 149 76 147 79 80 187 198 206 207 208 220
206 149 205 80 198 207 208 220
151 146 226 153 168 169 276 277 305
277 228 229 235 236 240 253 254 241 219 218 151 305 152 245 269 270
152 222 216 198 217 227 153 245 169 276 277 278 305
245 193 235 240 252 253 192 219 218 152 276 277 305 167 269 270 261 262 273
278 229 230 236 240 242 254 241 152 305 270 246
201 158 160 103 136 107
202 159 161 126 104 135 140 107
167 276 169 153 245 251 269 305
269 178 177 219 218 167 245 168 277 305 270 268
184 170 52 71 72 77 154 94 120 123
171 174 41 4 217 121 129
185 174 47 51 71 73 74 198 125 126
175 306
176 306
272 178 177 147 148 199 200 270 271 305 273
270 178 219 218 272 117 153 245 246 247 221 194 268 269 271 168 169 276 277 278 279 280 305
258 179 180 248 249 281 282 305 257
181 71 198 217 182 306
182 181 72 198 216 306
274 225 186 239 250 305 244 248 273
190 199 188 189 219 305
191 189 305
194 219 218 224 270 306 223
244 216 198 217 195 225 186 189 274 275 281 282 305
260 216 198 217 189 195 305
207 203 205 206 71 72 75 208 216 195
223 216 203 204 218 224 71 75 82 194 195
208 205 206 207 71 72 75 76 216 217 195
209 71 198 203 216 195 210
210 80 188 198 204 209 217 195
211 177
212 71 75 198 178 180 217
261 216 217 245 305
262 216 217 245 246 305
263 216 217 246 305
264 216 217 246 247 305
265 216 217 247 305
266 216 217 247 248 305
282 225 238 258 244 305 233 248 243 273
279 230 236 237 240 242 256 241 270 305 231 246 243
231 242 279 280 305
280 237 242 256 241 270 231 305 232 247 243 273
232 242 238 280 281 305
281 238 242 258 244 232 305 233 247 243 273
233 281 282 305 243
246 236 240 254 255 241 270 262 263 264 278 279 305 273
247 237 238 242 256 241 270 264 265 266 280 281 305 257 271 273
248 242 249 258 266 239 274 282 305 243 259 267 273
243 233 248 189 279 280 281 282 305
257 256 247 258 305
259 248 189 305
267 248 305
268 270 153 178 269 168 305
271 272 270 147 148 247 199 200 305
273 117 245 246 247 248 178 220 272 274 275 196 197 280 281 282 305
291 305
292 305
293 305
294 305
295 305
296 305
297 305
298 305
299 305
300 305
301 306
302 306
